0.005 0.00909090909090909 0
0.005 5.009090909090909 0
0.005 10.00909090909091 0
0.005 15.00909090909091 0
0.005 20.009090909090908 0
0.005 25.009090909090908 0
0.005 30.009090909090908 0
0.005 35.00909090909091 0
0.005 40.00909090909091 0
0.005 45.00909090909091 0
0.005 50.00909090909091 0
0.005 55.00909090909091 0
0.005 60.00909090909091 0
0.005 65.00909090909092 0
0.005 70.00909090909092 0
0.005 75.00909090909092 0
0.005 80.00909090909092 0
0.005 85.00909090909092 0
0.005 90.00909090909092 0
0.005 95.00909090909092 0
0.005 100.00909090909092 0
0.005 105.00909090909092 0
5.005 0.00909090909090909 0
5.005 5.009090909090909 0
5.005 10.00909090909091 0
5.005 15.00909090909091 0
5.005 20.009090909090908 0
5.005 25.009090909090908 0
5.005 30.009090909090908 0
5.005 35.00909090909091 0
5.005 40.00909090909091 0
5.005 45.00909090909091 0
5.005 50.00909090909091 0
5.005 55.00909090909091 0
5.005 60.00909090909091 0
5.005 65.00909090909092 0
5.005 70.00909090909092 0
5.005 75.00909090909092 0
5.005 80.00909090909092 0
5.005 85.00909090909092 0
5.005 90.00909090909092 0
5.005 95.00909090909092 0
5.005 100.00909090909092 0
5.005 105.00909090909092 0
10.005 0.00909090909090909 0
10.005 5.009090909090909 0
10.005 10.00909090909091 0
10.005 15.00909090909091 0
10.005 20.009090909090908 0
10.005 25.009090909090908 0
10.005 30.009090909090908 0
10.005 35.00909090909091 0
10.005 40.00909090909091 0
10.005 45.00909090909091 0
10.005 50.00909090909091 0
10.005 55.00909090909091 0
10.005 60.00909090909091 0
10.005 65.00909090909092 0
10.005 70.00909090909092 0
10.005 75.00909090909092 0
10.005 80.00909090909092 0
10.005 85.00909090909092 0
10.005 90.00909090909092 0
10.005 95.00909090909092 0
10.005 100.00909090909092 0
10.005 105.00909090909092 0
15.005 0.00909090909090909 0
15.005 5.009090909090909 0
15.005 10.00909090909091 0
15.005 15.00909090909091 0
15.005 20.009090909090908 0
15.005 25.009090909090908 0
15.005 30.009090909090908 0
15.005 35.00909090909091 0
15.005 40.00909090909091 0
15.005 45.00909090909091 0
15.005 50.00909090909091 0
15.005 55.00909090909091 0
15.005 60.00909090909091 0
15.005 65.00909090909092 0
15.005 70.00909090909092 0
15.005 75.00909090909092 0
15.005 80.00909090909092 0
15.005 85.00909090909092 0
15.005 90.00909090909092 0
15.005 95.00909090909092 0
15.005 100.00909090909092 0
15.005 105.00909090909092 0
20.005 0.00909090909090909 0
20.005 5.009090909090909 0
20.005 10.00909090909091 0
20.005 15.00909090909091 0
20.005 20.009090909090908 0
20.005 25.009090909090908 0
20.005 30.009090909090908 0
20.005 35.00909090909091 0
20.005 40.00909090909091 0
20.005 45.00909090909091 0
20.005 50.00909090909091 0
20.005 55.00909090909091 0
20.005 60.00909090909091 0
20.005 65.00909090909092 0
20.005 70.00909090909092 0
20.005 75.00909090909092 0
20.005 80.00909090909092 0
20.005 85.00909090909092 0
20.005 90.00909090909092 0
20.005 95.00909090909092 0
20.005 100.00909090909092 0
20.005 105.00909090909092 0
25.005 0.00909090909090909 0
25.005 5.009090909090909 0
25.005 10.00909090909091 0
25.005 15.00909090909091 0
25.005 20.009090909090908 0
25.005 25.009090909090908 0
25.005 30.009090909090908 0
25.005 35.00909090909091 0
25.005 40.00909090909091 0
25.005 45.00909090909091 0
25.005 50.00909090909091 0
25.005 55.00909090909091 0
25.005 60.00909090909091 0
25.005 65.00909090909092 0
25.005 70.00909090909092 0
25.005 75.00909090909092 0
25.005 80.00909090909092 0
25.005 85.00909090909092 0
25.005 90.00909090909092 0
25.005 95.00909090909092 0
25.005 100.00909090909092 0
25.005 105.00909090909092 0
30.005 0.00909090909090909 0
30.005 5.009090909090909 0
30.005 10.00909090909091 0
30.005 15.00909090909091 0
30.005 20.009090909090908 0
30.005 25.009090909090908 0
30.005 30.009090909090908 0
30.005 35.00909090909091 0
30.005 40.00909090909091 0
30.005 45.00909090909091 0
30.005 50.00909090909091 0
30.005 55.00909090909091 0
30.005 60.00909090909091 0
30.005 65.00909090909092 0
30.005 70.00909090909092 0
30.005 75.00909090909092 0
30.005 80.00909090909092 0
30.005 85.00909090909092 0
30.005 90.00909090909092 0
30.005 95.00909090909092 0
30.005 100.00909090909092 0
30.005 105.00909090909092 0
35.005 0.00909090909090909 0
35.005 5.009090909090909 0
35.005 10.00909090909091 0
35.005 15.00909090909091 0
35.005 20.009090909090908 0
35.005 25.009090909090908 0
35.005 30.009090909090908 0
35.005 35.00909090909091 0
35.005 40.00909090909091 0
35.005 45.00909090909091 0
35.005 50.00909090909091 0
35.005 55.00909090909091 0
35.005 60.00909090909091 0
35.005 65.00909090909092 0
35.005 70.00909090909092 0
35.005 75.00909090909092 0
35.005 80.00909090909092 0
35.005 85.00909090909092 0
35.005 90.00909090909092 0
35.005 95.00909090909092 0
35.005 100.00909090909092 0
35.005 105.00909090909092 0
40.005 0.00909090909090909 0
40.005 5.009090909090909 0
40.005 10.00909090909091 0
40.005 15.00909090909091 0
40.005 20.009090909090908 0
40.005 25.009090909090908 0
40.005 30.009090909090908 0
40.005 35.00909090909091 0
40.005 40.00909090909091 0
40.005 45.00909090909091 0
40.005 50.00909090909091 0
40.005 55.00909090909091 0
40.005 60.00909090909091 0
40.005 65.00909090909092 0
40.005 70.00909090909092 0
40.005 75.00909090909092 0
40.005 80.00909090909092 0
40.005 85.00909090909092 0
40.005 90.00909090909092 0
40.005 95.00909090909092 0
40.005 100.00909090909092 0
40.005 105.00909090909092 0
45.005 0.00909090909090909 0
45.005 5.009090909090909 0
45.005 10.00909090909091 0
45.005 15.00909090909091 0
45.005 20.009090909090908 0
45.005 25.009090909090908 0
45.005 30.009090909090908 0
45.005 35.00909090909091 0
45.005 40.00909090909091 0
45.005 45.00909090909091 0
45.005 50.00909090909091 0
45.005 55.00909090909091 0
45.005 60.00909090909091 0
45.005 65.00909090909092 0
45.005 70.00909090909092 0
45.005 75.00909090909092 0
45.005 80.00909090909092 0
45.005 85.00909090909092 0
45.005 90.00909090909092 0
45.005 95.00909090909092 0
45.005 100.00909090909092 0
45.005 105.00909090909092 0
50.005 0.00909090909090909 0
50.005 5.009090909090909 0
50.005 10.00909090909091 0
50.005 15.00909090909091 0
50.005 20.009090909090908 0
50.005 25.009090909090908 0
50.005 30.009090909090908 0
50.005 35.00909090909091 0
50.005 40.00909090909091 0
50.005 45.00909090909091 0
50.005 50.00909090909091 0
50.005 55.00909090909091 0
50.005 60.00909090909091 0
50.005 65.00909090909092 0
50.005 70.00909090909092 0
50.005 75.00909090909092 0
50.005 80.00909090909092 0
50.005 85.00909090909092 0
50.005 90.00909090909092 0
50.005 95.00909090909092 0
50.005 100.00909090909092 0
50.005 105.00909090909092 0
55.005 0.00909090909090909 0
55.005 5.009090909090909 0
55.005 10.00909090909091 0
55.005 15.00909090909091 0
55.005 20.009090909090908 0
55.005 25.009090909090908 0
55.005 30.009090909090908 0
55.005 35.00909090909091 0
55.005 40.00909090909091 0
55.005 45.00909090909091 0
55.005 50.00909090909091 0
55.005 55.00909090909091 0
55.005 60.00909090909091 0
55.005 65.00909090909092 0
55.005 70.00909090909092 0
55.005 75.00909090909092 0
55.005 80.00909090909092 0
55.005 85.00909090909092 0
55.005 90.00909090909092 0
55.005 95.00909090909092 0
55.005 100.00909090909092 0
55.005 105.00909090909092 0
60.005 0.00909090909090909 0
60.005 5.009090909090909 0
60.005 10.00909090909091 0
60.005 15.00909090909091 0
60.005 20.009090909090908 0
60.005 25.009090909090908 0
60.005 30.009090909090908 0
60.005 35.00909090909091 0
60.005 40.00909090909091 0
60.005 45.00909090909091 0
60.005 50.00909090909091 0
60.005 55.00909090909091 0
60.005 60.00909090909091 0
60.005 65.00909090909092 0
60.005 70.00909090909092 0
60.005 75.00909090909092 0
60.005 80.00909090909092 0
60.005 85.00909090909092 0
60.005 90.00909090909092 0
60.005 95.00909090909092 0
60.005 100.00909090909092 0
60.005 105.00909090909092 0
65.005 0.00909090909090909 0
65.005 5.009090909090909 0
65.005 10.00909090909091 0
65.005 15.00909090909091 0
65.005 20.009090909090908 0
65.005 25.009090909090908 0
65.005 30.009090909090908 0
65.005 35.00909090909091 0
65.005 40.00909090909091 0
65.005 45.00909090909091 0
65.005 50.00909090909091 0
65.005 55.00909090909091 0
65.005 60.00909090909091 0
65.005 65.00909090909092 0
65.005 70.00909090909092 0
65.005 75.00909090909092 0
65.005 80.00909090909092 0
65.005 85.00909090909092 0
65.005 90.00909090909092 0
65.005 95.00909090909092 0
65.005 100.00909090909092 0
65.005 105.00909090909092 0
70.005 0.00909090909090909 0
70.005 5.009090909090909 0
70.005 10.00909090909091 0
70.005 15.00909090909091 0
70.005 20.009090909090908 0
70.005 25.009090909090908 0
70.005 30.009090909090908 0
70.005 35.00909090909091 0
70.005 40.00909090909091 0
70.005 45.00909090909091 0
70.005 50.00909090909091 63.81156562786691
70.005 55.00909090909091 0
70.005 60.00909090909091 0
70.005 65.00909090909092 0
70.005 70.00909090909092 0
70.005 75.00909090909092 94.11714121381056
70.005 80.00909090909092 0
70.005 85.00909090909092 0
70.005 90.00909090909092 0
70.005 95.00909090909092 0
70.005 100.00909090909092 0
70.005 105.00909090909092 0
75.005 0.00909090909090909 0
75.005 5.009090909090909 0
75.005 10.00909090909091 0
75.005 15.00909090909091 0
75.005 20.009090909090908 0
75.005 25.009090909090908 0
75.005 30.009090909090908 0
75.005 35.00909090909091 0
75.005 40.00909090909091 0
75.005 45.00909090909091 0
75.005 50.00909090909091 0
75.005 55.00909090909091 108.57175045430449
75.005 60.00909090909091 0
75.005 65.00909090909092 0
75.005 70.00909090909092 0
75.005 75.00909090909092 109.8578301535108
75.005 80.00909090909092 0
75.005 85.00909090909092 0
75.005 90.00909090909092 0
75.005 95.00909090909092 0
75.005 100.00909090909092 0
75.005 105.00909090909092 0
80.005 0.00909090909090909 0
80.005 5.009090909090909 0
80.005 10.00909090909091 0
80.005 15.00909090909091 0
80.005 20.009090909090908 320
80.005 25.009090909090908 320
80.005 30.009090909090908 0
80.005 35.00909090909091 0
80.005 40.00909090909091 0
80.005 45.00909090909091 0
80.005 50.00909090909091 0
80.005 55.00909090909091 173.55602000597491
80.005 60.00909090909091 0
80.005 65.00909090909092 0
80.005 70.00909090909092 0
80.005 75.00909090909092 172.21864888101572
80.005 80.00909090909092 0
80.005 85.00909090909092 0
80.005 90.00909090909092 0
80.005 95.00909090909092 0
80.005 100.00909090909092 0
80.005 105.00909090909092 0
85.005 0.00909090909090909 0
85.005 5.009090909090909 0
85.005 10.00909090909091 0
85.005 15.00909090909091 0
85.005 20.009090909090908 0
85.005 25.009090909090908 0
85.005 30.009090909090908 320
85.005 35.00909090909091 320
85.005 40.00909090909091 0
85.005 45.00909090909091 0
85.005 50.00909090909091 0
85.005 55.00909090909091 0
85.005 60.00909090909091 281.03827492753817
85.005 65.00909090909092 294.59196144676844
85.005 70.00909090909092 281.6206620982366
85.005 75.00909090909092 173.23831155243124
85.005 80.00909090909092 0
85.005 85.00909090909092 0
85.005 90.00909090909092 0
85.005 95.00909090909092 0
85.005 100.00909090909092 0
85.005 105.00909090909092 0
90.005 0.00909090909090909 0
90.005 5.009090909090909 0
90.005 10.00909090909091 0
90.005 15.00909090909091 0
90.005 20.009090909090908 0
90.005 25.009090909090908 0
90.005 30.009090909090908 320
90.005 35.00909090909091 320
90.005 40.00909090909091 320
90.005 45.00909090909091 320
90.005 50.00909090909091 320
90.005 55.00909090909091 0
90.005 60.00909090909091 320
90.005 65.00909090909092 320
90.005 70.00909090909092 320
90.005 75.00909090909092 210.5747880189233
90.005 80.00909090909092 0
90.005 85.00909090909092 0
90.005 90.00909090909092 0
90.005 95.00909090909092 320
90.005 100.00909090909092 132.30678380922063
90.005 105.00909090909092 84.33918314775656
95.005 0.00909090909090909 0
95.005 5.009090909090909 0
95.005 10.00909090909091 0
95.005 15.00909090909091 0
95.005 20.009090909090908 0
95.005 25.009090909090908 0
95.005 30.009090909090908 320
95.005 35.00909090909091 320
95.005 40.00909090909091 320
95.005 45.00909090909091 320
95.005 50.00909090909091 320
95.005 55.00909090909091 320
95.005 60.00909090909091 320
95.005 65.00909090909092 320
95.005 70.00909090909092 320
95.005 75.00909090909092 320
95.005 80.00909090909092 320
95.005 85.00909090909092 320
95.005 90.00909090909092 320
95.005 95.00909090909092 320
95.005 100.00909090909092 320
95.005 105.00909090909092 320
100.005 0.00909090909090909 0
100.005 5.009090909090909 0
100.005 10.00909090909091 0
100.005 15.00909090909091 0
100.005 20.009090909090908 0
100.005 25.009090909090908 0
100.005 30.009090909090908 320
100.005 35.00909090909091 320
100.005 40.00909090909091 320
100.005 45.00909090909091 320
100.005 50.00909090909091 320
100.005 55.00909090909091 320
100.005 60.00909090909091 320
100.005 65.00909090909092 320
100.005 70.00909090909092 320
100.005 75.00909090909092 320
100.005 80.00909090909092 320
100.005 85.00909090909092 320
100.005 90.00909090909092 320
100.005 95.00909090909092 320
100.005 100.00909090909092 320
100.005 105.00909090909092 320
105.005 0.00909090909090909 0
105.005 5.009090909090909 0
105.005 10.00909090909091 0
105.005 15.00909090909091 0
105.005 20.009090909090908 0
105.005 25.009090909090908 0
105.005 30.009090909090908 320
105.005 35.00909090909091 320
105.005 40.00909090909091 320
105.005 45.00909090909091 320
105.005 50.00909090909091 320
105.005 55.00909090909091 320
105.005 60.00909090909091 320
105.005 65.00909090909092 320
105.005 70.00909090909092 320
105.005 75.00909090909092 161.26304653372154
105.005 80.00909090909092 0
105.005 85.00909090909092 320
105.005 90.00909090909092 320
105.005 95.00909090909092 320
105.005 100.00909090909092 166.0017766896276
105.005 105.00909090909092 320
110.005 0.00909090909090909 0
110.005 5.009090909090909 0
110.005 10.00909090909091 0
110.005 15.00909090909091 0
110.005 20.009090909090908 0
110.005 25.009090909090908 0
110.005 30.009090909090908 0
110.005 35.00909090909091 0
110.005 40.00909090909091 320
110.005 45.00909090909091 0
110.005 50.00909090909091 133.9904707937867
110.005 55.00909090909091 0
110.005 60.00909090909091 320
110.005 65.00909090909092 320
110.005 70.00909090909092 320
110.005 75.00909090909092 209.2636200066695
110.005 80.00909090909092 0
110.005 85.00909090909092 0
110.005 90.00909090909092 0
110.005 95.00909090909092 0
110.005 100.00909090909092 131.5252499388189
110.005 105.00909090909092 84.95329016512278
115.005 0.00909090909090909 0
115.005 5.009090909090909 0
115.005 10.00909090909091 0
115.005 15.00909090909091 0
115.005 20.009090909090908 0
115.005 25.009090909090908 0
115.005 30.009090909090908 0
115.005 35.00909090909091 0
115.005 40.00909090909091 0
115.005 45.00909090909091 0
115.005 50.00909090909091 0
115.005 55.00909090909091 0
115.005 60.00909090909091 280.729703329087
115.005 65.00909090909092 294.41180833432054
115.005 70.00909090909092 281.34900648506937
115.005 75.00909090909092 173.5547517922182
115.005 80.00909090909092 0
115.005 85.00909090909092 0
115.005 90.00909090909092 0
115.005 95.00909090909092 0
115.005 100.00909090909092 0
115.005 105.00909090909092 0
120.005 0.00909090909090909 0
120.005 5.009090909090909 0
120.005 10.00909090909091 0
120.005 15.00909090909091 0
120.005 20.009090909090908 0
120.005 25.009090909090908 0
120.005 30.009090909090908 0
120.005 35.00909090909091 0
120.005 40.00909090909091 0
120.005 45.00909090909091 0
120.005 50.00909090909091 0
120.005 55.00909090909091 0
120.005 60.00909090909091 212.38140517296733
120.005 65.00909090909092 216.69422943619247
120.005 70.00909090909092 211.57064699984448
120.005 75.00909090909092 172.46558847482765
120.005 80.00909090909092 0
120.005 85.00909090909092 0
120.005 90.00909090909092 0
120.005 95.00909090909092 0
120.005 100.00909090909092 0
120.005 105.00909090909092 0
125.005 0.00909090909090909 0
125.005 5.009090909090909 0
125.005 10.00909090909091 0
125.005 15.00909090909091 0
125.005 20.009090909090908 0
125.005 25.009090909090908 0
125.005 30.009090909090908 0
125.005 35.00909090909091 0
125.005 40.00909090909091 0
125.005 45.00909090909091 0
125.005 50.00909090909091 0
125.005 55.00909090909091 0
125.005 60.00909090909091 120.00690449611693
125.005 65.00909090909092 156.40797368603035
125.005 70.00909090909092 120.55716611866092
125.005 75.00909090909092 109.46564680634265
125.005 80.00909090909092 0
125.005 85.00909090909092 0
125.005 90.00909090909092 0
125.005 95.00909090909092 0
125.005 100.00909090909092 0
125.005 105.00909090909092 0
130.005 0.00909090909090909 0
130.005 5.009090909090909 0
130.005 10.00909090909091 0
130.005 15.00909090909091 0
130.005 20.009090909090908 0
130.005 25.009090909090908 0
130.005 30.009090909090908 0
130.005 35.00909090909091 0
130.005 40.00909090909091 0
130.005 45.00909090909091 0
130.005 50.00909090909091 0
130.005 55.00909090909091 0
130.005 60.00909090909091 68.95472407262696
130.005 65.00909090909092 107.14853985270884
130.005 70.00909090909092 68.61898015672887
130.005 75.00909090909092 93.97659294865389
130.005 80.00909090909092 0
130.005 85.00909090909092 0
130.005 90.00909090909092 0
130.005 95.00909090909092 0
130.005 100.00909090909092 0
130.005 105.00909090909092 0
135.005 0.00909090909090909 0
135.005 5.009090909090909 0
135.005 10.00909090909091 0
135.005 15.00909090909091 0
135.005 20.009090909090908 0
135.005 25.009090909090908 0
135.005 30.009090909090908 0
135.005 35.00909090909091 0
135.005 40.00909090909091 0
135.005 45.00909090909091 0
135.005 50.00909090909091 0
135.005 55.00909090909091 0
135.005 60.00909090909091 46.241442570150866
135.005 65.00909090909092 65.499126967758
135.005 70.00909090909092 45.763488048998624
135.005 75.00909090909092 0
135.005 80.00909090909092 0
135.005 85.00909090909092 0
135.005 90.00909090909092 0
135.005 95.00909090909092 0
135.005 100.00909090909092 0
135.005 105.00909090909092 0
140.005 0.00909090909090909 0
140.005 5.009090909090909 0
140.005 10.00909090909091 0
140.005 15.00909090909091 0
140.005 20.009090909090908 0
140.005 25.009090909090908 0
140.005 30.009090909090908 0
140.005 35.00909090909091 0
140.005 40.00909090909091 0
140.005 45.00909090909091 0
140.005 50.00909090909091 0
140.005 55.00909090909091 0
140.005 60.00909090909091 0
140.005 65.00909090909092 0
140.005 70.00909090909092 0
140.005 75.00909090909092 0
140.005 80.00909090909092 0
140.005 85.00909090909092 0
140.005 90.00909090909092 0
140.005 95.00909090909092 0
140.005 100.00909090909092 0
140.005 105.00909090909092 0
145.005 0.00909090909090909 0
145.005 5.009090909090909 0
145.005 10.00909090909091 0
145.005 15.00909090909091 0
145.005 20.009090909090908 0
145.005 25.009090909090908 0
145.005 30.009090909090908 0
145.005 35.00909090909091 0
145.005 40.00909090909091 0
145.005 45.00909090909091 0
145.005 50.00909090909091 0
145.005 55.00909090909091 0
145.005 60.00909090909091 0
145.005 65.00909090909092 0
145.005 70.00909090909092 0
145.005 75.00909090909092 0
145.005 80.00909090909092 0
145.005 85.00909090909092 0
145.005 90.00909090909092 0
145.005 95.00909090909092 0
145.005 100.00909090909092 0
145.005 105.00909090909092 0
150.005 0.00909090909090909 0
150.005 5.009090909090909 0
150.005 10.00909090909091 0
150.005 15.00909090909091 0
150.005 20.009090909090908 0
150.005 25.009090909090908 0
150.005 30.009090909090908 0
150.005 35.00909090909091 0
150.005 40.00909090909091 0
150.005 45.00909090909091 0
150.005 50.00909090909091 0
150.005 55.00909090909091 0
150.005 60.00909090909091 0
150.005 65.00909090909092 0
150.005 70.00909090909092 0
150.005 75.00909090909092 0
150.005 80.00909090909092 0
150.005 85.00909090909092 0
150.005 90.00909090909092 0
150.005 95.00909090909092 0
150.005 100.00909090909092 0
150.005 105.00909090909092 0
155.005 0.00909090909090909 0
155.005 5.009090909090909 0
155.005 10.00909090909091 0
155.005 15.00909090909091 0
155.005 20.009090909090908 0
155.005 25.009090909090908 0
155.005 30.009090909090908 0
155.005 35.00909090909091 0
155.005 40.00909090909091 0
155.005 45.00909090909091 0
155.005 50.00909090909091 0
155.005 55.00909090909091 0
155.005 60.00909090909091 0
155.005 65.00909090909092 0
155.005 70.00909090909092 0
155.005 75.00909090909092 0
155.005 80.00909090909092 0
155.005 85.00909090909092 0
155.005 90.00909090909092 0
155.005 95.00909090909092 0
155.005 100.00909090909092 0
155.005 105.00909090909092 0
160.005 0.00909090909090909 0
160.005 5.009090909090909 0
160.005 10.00909090909091 0
160.005 15.00909090909091 0
160.005 20.009090909090908 0
160.005 25.009090909090908 0
160.005 30.009090909090908 0
160.005 35.00909090909091 0
160.005 40.00909090909091 0
160.005 45.00909090909091 0
160.005 50.00909090909091 0
160.005 55.00909090909091 0
160.005 60.00909090909091 0
160.005 65.00909090909092 0
160.005 70.00909090909092 0
160.005 75.00909090909092 0
160.005 80.00909090909092 0
160.005 85.00909090909092 0
160.005 90.00909090909092 0
160.005 95.00909090909092 0
160.005 100.00909090909092 0
160.005 105.00909090909092 0
165.005 0.00909090909090909 0
165.005 5.009090909090909 0
165.005 10.00909090909091 0
165.005 15.00909090909091 0
165.005 20.009090909090908 0
165.005 25.009090909090908 0
165.005 30.009090909090908 0
165.005 35.00909090909091 0
165.005 40.00909090909091 0
165.005 45.00909090909091 0
165.005 50.00909090909091 0
165.005 55.00909090909091 0
165.005 60.00909090909091 0
165.005 65.00909090909092 0
165.005 70.00909090909092 0
165.005 75.00909090909092 0
165.005 80.00909090909092 0
165.005 85.00909090909092 0
165.005 90.00909090909092 0
165.005 95.00909090909092 0
165.005 100.00909090909092 0
165.005 105.00909090909092 0
170.005 0.00909090909090909 0
170.005 5.009090909090909 0
170.005 10.00909090909091 0
170.005 15.00909090909091 0
170.005 20.009090909090908 0
170.005 25.009090909090908 0
170.005 30.009090909090908 0
170.005 35.00909090909091 0
170.005 40.00909090909091 0
170.005 45.00909090909091 0
170.005 50.00909090909091 0
170.005 55.00909090909091 0
170.005 60.00909090909091 0
170.005 65.00909090909092 0
170.005 70.00909090909092 0
170.005 75.00909090909092 0
170.005 80.00909090909092 0
170.005 85.00909090909092 0
170.005 90.00909090909092 0
170.005 95.00909090909092 0
170.005 100.00909090909092 0
170.005 105.00909090909092 0
175.005 0.00909090909090909 0
175.005 5.009090909090909 0
175.005 10.00909090909091 0
175.005 15.00909090909091 0
175.005 20.009090909090908 0
175.005 25.009090909090908 0
175.005 30.009090909090908 0
175.005 35.00909090909091 0
175.005 40.00909090909091 0
175.005 45.00909090909091 0
175.005 50.00909090909091 0
175.005 55.00909090909091 0
175.005 60.00909090909091 0
175.005 65.00909090909092 0
175.005 70.00909090909092 0
175.005 75.00909090909092 0
175.005 80.00909090909092 0
175.005 85.00909090909092 0
175.005 90.00909090909092 0
175.005 95.00909090909092 0
175.005 100.00909090909092 0
175.005 105.00909090909092 0
180.005 0.00909090909090909 0
180.005 5.009090909090909 0
180.005 10.00909090909091 0
180.005 15.00909090909091 0
180.005 20.009090909090908 0
180.005 25.009090909090908 0
180.005 30.009090909090908 0
180.005 35.00909090909091 0
180.005 40.00909090909091 0
180.005 45.00909090909091 0
180.005 50.00909090909091 0
180.005 55.00909090909091 0
180.005 60.00909090909091 0
180.005 65.00909090909092 0
180.005 70.00909090909092 0
180.005 75.00909090909092 0
180.005 80.00909090909092 0
180.005 85.00909090909092 0
180.005 90.00909090909092 0
180.005 95.00909090909092 0
180.005 100.00909090909092 0
180.005 105.00909090909092 0
185.005 0.00909090909090909 0
185.005 5.009090909090909 0
185.005 10.00909090909091 0
185.005 15.00909090909091 0
185.005 20.009090909090908 0
185.005 25.009090909090908 0
185.005 30.009090909090908 0
185.005 35.00909090909091 0
185.005 40.00909090909091 0
185.005 45.00909090909091 0
185.005 50.00909090909091 0
185.005 55.00909090909091 0
185.005 60.00909090909091 0
185.005 65.00909090909092 0
185.005 70.00909090909092 0
185.005 75.00909090909092 0
185.005 80.00909090909092 0
185.005 85.00909090909092 0
185.005 90.00909090909092 0
185.005 95.00909090909092 0
185.005 100.00909090909092 0
185.005 105.00909090909092 0
190.005 0.00909090909090909 0
190.005 5.009090909090909 0
190.005 10.00909090909091 0
190.005 15.00909090909091 0
190.005 20.009090909090908 0
190.005 25.009090909090908 0
190.005 30.009090909090908 0
190.005 35.00909090909091 0
190.005 40.00909090909091 0
190.005 45.00909090909091 0
190.005 50.00909090909091 0
190.005 55.00909090909091 0
190.005 60.00909090909091 0
190.005 65.00909090909092 0
190.005 70.00909090909092 0
190.005 75.00909090909092 0
190.005 80.00909090909092 0
190.005 85.00909090909092 0
190.005 90.00909090909092 0
190.005 95.00909090909092 0
190.005 100.00909090909092 0
190.005 105.00909090909092 0
195.005 0.00909090909090909 0
195.005 5.009090909090909 0
195.005 10.00909090909091 0
195.005 15.00909090909091 0
195.005 20.009090909090908 0
195.005 25.009090909090908 0
195.005 30.009090909090908 0
195.005 35.00909090909091 0
195.005 40.00909090909091 0
195.005 45.00909090909091 0
195.005 50.00909090909091 0
195.005 55.00909090909091 0
195.005 60.00909090909091 0
195.005 65.00909090909092 0
195.005 70.00909090909092 0
195.005 75.00909090909092 0
195.005 80.00909090909092 0
195.005 85.00909090909092 0
195.005 90.00909090909092 0
195.005 95.00909090909092 0
195.005 100.00909090909092 0
195.005 105.00909090909092 0
